2222222222222222222222
2000000000000000000002
2022203300000033022202
2024403300110033044202
2024403300110033044202
2000003300110033000002
2000000000110000000002
2000000000110000000002
2000000200110020000002
2333000200000020003332
2443000200000020003442
2443000200000020003442
2333000200000020003332
2000000200110020000002
2000000000110000000002
2000000000110000000002
2000003300110033000002
2024403300110033044202
2024403300110033044202
2022203300000033022202
2000000000000000000002
2222222222222222222222